#Time -2440000 rv ms erv ms
Time RV eRV
14313.980  22.85 1.48
14339.843  2.84 1.25
14399.759  0.00 1.48
14674.964  39.03 1.42
14717.919  54.16 1.20
14779.822  59.68 1.36
14790.746  52.55 1.42
14807.783  55.93 1.57
14956.102  11.16 1.28
14964.118  6.98 1.26
14984.082  -5.90 1.27
14985.111  0.42 1.43
14986.113  -1.17 1.27
15015.022  -11.00 1.36
15015.956  -8.62 1.37
15019.066  -1.59 1.47
15029.011  3.61 1.46
15043.058  -10.34 1.31
15077.058  -13.95 1.40
15083.055  -13.70 1.41
15135.761  -23.43 1.13
15169.700  -25.24 1.46
15187.696  -7.58 1.50
15188.691  -15.51 1.40
