4.308905559381823025e+01 5.585163947886615460e+03 5.863933668200183291e+01
5.194318276318607985e+01 5.565361179898613045e+03 6.155217083326353134e+01
1.392969561931330986e+02 5.556769167631921846e+03 5.623449584122378297e+01
1.866348243208420854e+02 5.607727761213613121e+03 5.982407357714222229e+01
3.330719917608949459e+02 5.426770011560736748e+03 6.625535590374757078e+01
4.096487167199542796e+02 5.561599146093485615e+03 7.880150280615937675e+01
5.473452853947026142e+02 5.531977028970742140e+03 6.949601421005817770e+01
8.077519547326463680e+02 5.517392057077596291e+03 7.039508411946293620e+01
8.405827283384101065e+02 5.545276675035785956e+03 6.468688563430957572e+01
9.601298024188392901e+02 5.505868448035211259e+03 6.008162436068079870e+01
9.896164810517296928e+02 5.520318047405305151e+03 6.653311741057767392e+01
1.011632022672207768e+03 5.513226265449916355e+03 5.728616925824296402e+01
1.110078034150811618e+03 5.519789351778507807e+03 5.402661746368396933e+01
1.248302047060726863e+03 5.589039278229899537e+03 5.397421317954518827e+01
1.302119121287626285e+03 5.582045562588737994e+03 4.990813736922192589e+01
1.570036372514500954e+03 5.721134033288571118e+03 4.611976035948152486e+01
1.585258065890247508e+03 5.697497564445440730e+03 5.944180809836691992e+01
1.601716705734711695e+03 5.643362161634590848e+03 6.040262993671956337e+01
1.626102035424880569e+03 5.677885973119436130e+03 6.519912567067896703e+01
1.692278304766622796e+03 5.711746473924203201e+03 6.917390071644388172e+01
1.827378688413043847e+03 5.500624611052159707e+03 5.288197490205905638e+01
1.865927809406807683e+03 5.652024500700063982e+03 6.481372731183547842e+01
1.910276877582587304e+03 5.474843201866999152e+03 5.510554498373475241e+01
1.917805187375308378e+03 5.591052281826810031e+03 5.609657191794902076e+01
2.006112729531959758e+03 5.593521104009971168e+03 6.013534287414565682e+01
2.170445242498360585e+03 5.631191468252629420e+03 6.120538512591359392e+01
2.251180765239912489e+03 5.675486302724308189e+03 4.698906782674883686e+01
2.289160811069977626e+03 5.603395047226556017e+03 6.121626133706521955e+01
2.304968139893199350e+03 5.533047424601680177e+03 4.947414556237283279e+01
2.321688959573038574e+03 5.605738082811004460e+03 7.328242998803098374e+01
2.502635902674515819e+03 5.702861896547254219e+03 6.488387822520923010e+01
2.527210966875285521e+03 5.503970975418375019e+03 5.560087565556246147e+01
2.541860447637726338e+03 5.626250551819844077e+03 6.891218553582666573e+01
2.610585023027683292e+03 5.569717722609520933e+03 4.864995179325221386e+01
2.710097937723134237e+03 5.599932257345250036e+03 9.132004915663736710e+01
2.854796719977879093e+03 5.486574497071768747e+03 5.479896283021756176e+01
2.858687944755079116e+03 5.584404821785387867e+03 5.631961071787901574e+01
3.064415008442676481e+03 5.570850676999527423e+03 5.839951804966132443e+01
3.069122244541455984e+03 5.478781597640037035e+03 4.552152490115473427e+01
3.106361904103208872e+03 5.532883398464806305e+03 6.412714961172470396e+01
3.108142566034338415e+03 5.624511289876202682e+03 6.075336539063926011e+01
3.239727428945718657e+03 5.566864867438092915e+03 7.168212591792212152e+01
3.282755999948838962e+03 5.597090295948323728e+03 6.117189804005650444e+01
3.316360462523500701e+03 5.512397292774880043e+03 4.675033013085864297e+01
3.404422622684860926e+03 5.537805847476312010e+03 5.288259881104650617e+01
3.435655223302795548e+03 5.554291272645984463e+03 6.640888517985693795e+01
3.487621081636773852e+03 5.608266210184692682e+03 6.235754143613416289e+01
3.540790847232547094e+03 5.432668269266713651e+03 5.438695921794101196e+01
3.607171851867334226e+03 5.417859737809316357e+03 5.744272854610839119e+01
3.876376250528021501e+03 5.588158303806943877e+03 5.779030141658304132e+01
3.941998827073879966e+03 5.682822274354683941e+03 6.672040482573835618e+01
4.172790681262358703e+03 5.677957941631775611e+03 5.466530383318940522e+01
4.232316285419829910e+03 5.389880087493942483e+03 6.232081351586882789e+01
4.615220741861800889e+03 5.599142589785589735e+03 5.191081458956456629e+01
4.645056768881258904e+03 5.576481911351362214e+03 6.356968330468329498e+01
4.821621632922920071e+03 5.661491726859709161e+03 6.307687630732930018e+01
4.934569278214666156e+03 5.586862988549441070e+03 5.735674049204691016e+01
4.961966374728753181e+03 5.539309356209546422e+03 7.990367003368912435e+01
4.973653793868775210e+03 5.574188199663427440e+03 6.511371229024891250e+01
5.251320964332576295e+03 5.499975519504111617e+03 6.114591872758323632e+01
5.267831816396550494e+03 5.564711445576954247e+03 5.969062688533256988e+01
5.312946519341340718e+03 5.466044735994532857e+03 7.021897138103854275e+01
5.413054317661064488e+03 5.470166027903913346e+03 5.838234915983670703e+01
5.460247205028457756e+03 5.535555431696956475e+03 7.366065454730407680e+01
5.468188585578300263e+03 5.606108074177948765e+03 6.270947505833223090e+01
5.468330749527915941e+03 5.630539521222487565e+03 7.156372116834286601e+01
5.499721355904966913e+03 5.504772248911554016e+03 6.428835037713410827e+01
5.513490197135056405e+03 5.623216993762311176e+03 5.926967197599854842e+01
5.752156751458335748e+03 5.570361824159277603e+03 5.853043794822676205e+01
5.754367069940777583e+03 5.714933451654894270e+03 8.338341676640604305e+01
5.789547461299274801e+03 5.522152013774841180e+03 5.228884531174460193e+01
5.854055868510781693e+03 5.641526572028811643e+03 6.869929548085893600e+01
6.004936505486532951e+03 5.573082321633573883e+03 7.270989220797255825e+01
6.016946516252960464e+03 5.594998306298087300e+03 6.338582144166980470e+01
6.124777579911396970e+03 5.578296435070081316e+03 4.866185796103948746e+01
6.677690001378417946e+03 5.541727308927152990e+03 7.243524258305578201e+01
6.779767661075905380e+03 5.605244153931363144e+03 4.930897185395423321e+01
6.888149256780116048e+03 5.559027744656310460e+03 6.700689711703341800e+01
7.022982906158481455e+03 5.681830555405627820e+03 5.570948040520138989e+01
7.265393280496705302e+03 5.575358675220614714e+03 6.073032722002015049e+01
7.354770218987985572e+03 5.549779910974280028e+03 6.524224811246253353e+01
7.411681755121882816e+03 5.522396341643178857e+03 4.636149472186710341e+01
7.453152236802826337e+03 5.551026138872328374e+03 6.504955110803498997e+01
7.466160889954991944e+03 5.494310781392850004e+03 6.339756736674014803e+01
7.541067970052966302e+03 5.620028016897938869e+03 5.866109318194959599e+01
7.713862058246120796e+03 5.483758416580036283e+03 6.463652258503708481e+01
7.783432645850928566e+03 5.590005600154264357e+03 5.481236670747330209e+01
8.079816636190656936e+03 5.460958307368182432e+03 6.585899182411671404e+01
8.130570588680454421e+03 5.567245179110696881e+03 7.914162287179351551e+01
8.131797657802153481e+03 5.510882756289380268e+03 5.397031789188408624e+01
8.138883595313860496e+03 5.679906791885172424e+03 6.511811129562745748e+01
8.527138365752738537e+03 5.515237982805554566e+03 5.744253546188600268e+01
8.583647290426808468e+03 5.562112344247505462e+03 5.548028130404236435e+01
8.641631286638106758e+03 5.623712774261551203e+03 6.060273426861421342e+01
8.738721306971487138e+03 5.543013576668635324e+03 7.364040190972372102e+01
8.826354772787373804e+03 5.489827759413927197e+03 7.411228211825648771e+01
8.903028044745153238e+03 5.627649398409495006e+03 5.843962046970244728e+01
8.936058434109168957e+03 5.401440841504620948e+03 6.607134010456746864e+01
8.957033575593668502e+03 5.604539274201184526e+03 5.594089727428462311e+01
9.059643070886761052e+03 5.596408301497031061e+03 5.621129106261334130e+01
